FF 11 00 02 00 00 00 00 00 00 00 00 00 00 00 00 00								
FF 11 00 02 02 00 00 00 21 00 40 00 42 00 04 00 00								
FF 11 00 02 03 00 00 00 21 00 42 01 02 00 00 00 00								
FF 11 00 02 04 00 00 00 01 00 02 00 04 00 40 01 00								
FF 11 00 02 05 00 00 00 20 00 00 00 40 01 02 00 04
ff 27 67 07 00 28 29 00 10 01 02 03 10 00 02 03 04 10 00 03 04 05 10 00 04 05 28 10 00 05 28 28 10 00 06 28 28 00 00

FF 11 00 02 00 00 00 00 00 00 00 00 00 00 00 00 00
FF 11 00 02 01 00 00 00 01 00 00 00 02 00 04 00 00								
FF 11 00 02 02 00 00 00 01 00 02 00 02 00 00 00 00								
FF 11 00 02 03 00 00 00 01 00 02 00 04 00 04 00 00								
FF 11 00 02 04 00 00 00 00 00 00 00 00 00 02 00 04
FF 11 00 02 05 00 00 00 20 00 40 00 40 00 00 00 00								
FF 11 00 02 06 00 00 00 20 00 40 01 00 01 00 00 00								
FF 11 00 02 07 00 00 00 00 00 00 00 00 00 40 01 00								
FF 11 00 02 08 00 00 00 20 00 00 00 40 01 00 00 00
ff 27 67 07 00 28 28 00 10 01 01 05 10 00 02 02 06 10 00 03 03 07 10 00 04 04 28 10 00 05 28 28 10 00 06 28 28 00 00

FF 11 00 02 00 00 00 00 00 00 00 00 00 00 00 00 00
FF 11 00 02 01 00 00 00 01 00 00 00 02 00 04 00 00								
FF 11 00 02 02 00 00 00 01 00 02 00 02 00 00 00 00								
FF 11 00 02 03 00 00 00 01 00 02 00 04 00 04 00 00								
FF 11 00 02 04 00 00 00 00 00 00 00 00 00 02 00 04
FF 11 00 02 05 00 00 00 20 00 40 00 40 00 00 00 00								
FF 11 00 02 06 00 00 00 20 00 40 01 00 01 00 00 00								
FF 11 00 02 07 00 00 00 00 00 00 00 00 00 40 01 00								
FF 11 00 02 08 00 00 00 20 00 00 00 40 01 00 00 00
ff 27 67 07 00 28 28 00 10 01 01 02 00 10 02 02 03 10 00 03 03 04 10 00 04 04 05 10 00 05 28 28 10 00 06 28 28 00 00

FF 11 00 02 00 00 00 00 00 00 00 00 00 00 00 00 00
FF 11 00 02 01 00 00 00 21 00 40 00 42 00 04 00 00								
FF 11 00 02 02 00 00 00 21 00 42 01 02 01 00 00 00								
FF 11 00 02 03 00 00 00 01 00 02 00 04 00 44 01 00								
FF 11 00 02 04 00 00 00 20 00 00 00 40 01 02 00 04
ff 27 67 07 
00 28 28 00 10 
01 01 00 00 10 
02 02 00 10 00 
03 03 00 10 00 
04 04 00 10 00 
05 28 28 10 00 
06 28 28 00 00

ff 27 64 07 00 28 28 00 10 01 01 28 00 10 02 02 28 10 00 03 03 28 10 00 04 04 28 10 00 05 28 28 10 00 06 28 28 00 00


FF 11 00 02 00 00 00 00 00 00 00 00 00 00 00 00 00
FF 11 00 02 01 00 00 00 01 00 00 00 00 00 04 00 00
FF 11 00 02 02 00 00 00 01 00 00 00 02 00 00 00 00
FF 11 00 02 03 00 01 00 01 00 00 00 00 00 00 00 00
FF 11 00 02 04 00 00 00 00 00 00 00 00 00 02 00 04
ff 27 67 07 
00 28 28 00 10 
01 01 00 00 10 
02 02 00 10 00 
03 03 00 10 00 
04 04 00 10 00 
05 28 28 10 00 
06 28 28 00 00

ff 27 67 07 00 28 28 00 10 01 01 00 00 10 02 02 00 10 00 03 03 00 10 00 04 04 00 10 00 05 28 28 10 00 06 28 28 00 00



FF 11 00 02 00 00 00 00 00 00 00 00 00 00 00 00 00
FF 11 00 02 01 00 00 00 02 00 00 00 04 00 08 00 00
FF 11 00 02 02 00 00 00 02 00 04 00 04 00 00 00 00
FF 11 00 02 03 00 00 00 02 00 04 00 08 00 00 00 00
FF 11 00 02 04 00 00 00 00 00 00 00 00 00 04 00 08

ff 27 67 07 
00 28 28 00 90 
01 01 00 00 90
02 02 00 90 00 
03 03 00 90 00 
04 04 00 90 00 
05 28 28 90 00 
06 28 28 00 00

ff 27 67 07 00 28 28 00 30 01 01 00 00 30 02 02 00 30 00 03 03 00 30 00 04 04 00 30 00 05 28 28 30 00 06 28 28 00 00

ff 27 67 07 00 28 28 00 99 01 01 00 00 99 02 02 00 99 00 03 03 00 99 00 04 04 00 99 00 05 28 28 99 00 06 28 28 00 00

ff 27 67 07 00 28 28 00 90 01 01 00 00 90 02 02 00 90 00 03 03 00 90 00 04 04 00 90 00 05 28 28 90 00 06 28 28 00 00


FF 11 00 02 00 00 00 00 00 00 00 00 00 00 00 00 00
FF 11 00 02 01 00 00 00 02 00 00 00 00 00 08 00 00
FF 11 00 02 02 00 00 00 02 00 00 00 04 00 00 00 00
FF 11 00 02 03 00 02 00 02 00 00 00 00 00 00 00 00
FF 11 00 02 04 00 00 00 00 00 00 00 00 00 04 00 08


ff 27 67 07 00 28 28 00 90 01 01 00 00 90 02 01 00 90 00 03 01 00 90 00 04 01 00 90 00 05 28 28 90 00 06 28 28 00 00
ff 27 67 07 00 28 28 00 90 01 02 00 00 90 02 02 00 90 00 03 02 00 90 00 04 02 00 90 00 05 28 28 90 00 06 28 28 00 00
ff 27 67 07 00 28 28 00 90 01 03 00 00 90 02 03 00 90 00 03 03 00 90 00 04 03 00 90 00 05 28 28 90 00 06 28 28 00 00
ff 27 67 07 00 28 28 00 90 01 04 00 00 90 02 04 00 90 00 03 04 00 90 00 04 04 00 90 00 05 28 28 90 00 06 28 28 00 00


FF 11 00 02 00 00 00 00 00 00 00 00 00 00 00 00 00
FF 11 00 02 00 00 00 00 00 00 02 00 04 00 04 00 00
FF 11 00 02 00 00 00 00 00 00 40 01 00 01 00 00 00
FF 11 00 02 00 00 00 00 00 02 00 04 00 04 00 00 00
FF 11 00 02 00 00 00 00 00 00 02 00 04 00 04 00 00

ff 27 67 07 00 28 28 00 30 01 06 00 00 30 02 07 00 30 00 03 08 00 30 00 04 09 00 30 00 05 28 28 30 00 06 28 28 00 00




FF 11 00 02 00 00 00 00 00 00 00 00 00 00 00 00 00
FF 11 00 02 01 00 00 00 02 00 00 00 00 00 00 00 00
FF 11 00 02 02 00 08 00 00 00 00 00 00 00 00 00 00
FF 11 00 02 03 00 20 00 00 00 00 00 00 00 00 00 00
FF 11 00 02 04 00 08 00 00 00 00 00 00 00 00 00 00

ff 27 67 07
00 28 28 00 15
01 01 00 00 15
02 02 00 15 00
03 03 00 15 00 
04 04 00 15 00 
05 05 00 15 00
06 06 00 15 00
07 07 00 15 00
08 08 00 15 00
09 28 28 15 00
10 28 28 00 00

FF 11 00 02 00 00 00 00 00 00 00 00 00 00 00 00 00
FF 11 00 02 06 00 02 00 00 00 00 00 00 00 00 00 00
FF 11 00 02 07 05 7E 04 00 04 00 04 00 04 00 04 00
FF 11 00 02 08 10 00 10 08 10 00 10 00 10 00 10 00
FF 11 00 02 09 40 00 40 02 40 00 40 00 40 00 40 00


ff 27 67 07 00 28 28 00 90 01 06 00 00 90 02 07 00 90 00 03 08 00 90 00 04 09 00 90 00 05 28 28 90 00 06 28 28 00 00


ff 3B 67 07 00 28 28 00 20 01 01 00 20 00 02 02 00 20 00 03 03 00 20 00 04 04 00 20 00 05 05 00 20 00 06 06 00 20 00 07 07 00 20 00 08 08 00 20 00 09 28 28 00 00 10 28 28 00 00

59 = 16 * 3 + 11



FF 11 00 02 01 00 00 00 02 00 00 00 00 00 00 00 00
FF 11 00 02 02 00 08 00 00 00 00 00 00 00 00 00 00
FF 11 00 02 03 00 20 00 00 00 00 00 00 00 00 00 00
FF 11 00 02 04 00 08 00 00 00 00 00 00 00 00 00 00


FF 11 00 02 00 00 02 00 00 00 00 00 00 00 00 00 00
FF 11 00 02 00 1F 7E 00 00 00 00 00 00 00 00 00 00
FF 11 00 02 00 00 00 00 08 00 00 00 00 00 00 00 00
FF 11 00 02 00 00 00 00 02 00 00 00 00 00 00 00 00


ff 3B 67 07 00 28 28 00 10 01 01 00 00 10 02 02 00 10 00 03 03 00 10 00 04 04 00 10 00 05 05 00 10 00 06 06 00 10 00 07 07 00 10 00 08 08 00 10 00 09 09 00 10 00 10 28 28 10 00 





